144165
3503
112763
115973
115664
115663
115657
111118
113359
100365
116251
111861
115517
116352
114340
4560
110956
114392
117403
117404
111231
111232
111237
111238
114330
144489
144488
144801
104787
120556
117388
19220
116624
117950
115056
114336
110204
5310
111864
112222
102751
111865
11975
103522
144780
116937
116254
12249
103064
115658
117717
145300
13789
12711
144702
145324
100364
114643
120297
114088
118397
112215
114089
117663
114335
110644
117448
144613
115246
111236
110637
110641
110639
111241
111935
113578
120546
144676
114339
103631
110636
11516
118464
110799
110800
110801
110802
110804
110803
144765
118226
118225
144929
115250
109689
11517
115248
100408
144790
115978
115818
100267
115518
112043
112223
110475
13686
114333
114332
111061
114337
111355
110481
114338
114341
110519
113580
114087
103626
115252
111233
3366
115967
115966
115788
115968
113896
116873
114291
12318
12318
109624
112217
116337
114400
117739
112556
110480
114393
114803
114804
114806
114808
114807
114802
114805
145299
117447
118224
113551
8798
111659
111240
113322
111938
114809
113014
10017
103623
103622
110640
113013
110638
13075
114331
103132
114086
114797
114798
114799
114792
114795
114787
114794
114800
114796
114801
13788
11978
111234
111239
114334
111568
144798
144800
144799
1434
9034
116778
115784
118481
11977
145548
114644
109919
4940
10149
10149
10149
144713
3617
5490
109114
9358
4941
4973
111397
13773
3774
118097
115251
144136
117391
144369
99979
144779
117704
111080
12526
5889
145545
103634
103633
103632
12274
8011
12370
143767
5885
9268
4894
116628
4652
145159
144355
144354
144356
100929
111030
4121
4724
8801
8801
109035
112903
145382
3866
4047
114909
4944
116887
144788
11269
116233
144240
110124
8852
111217
9441
6652
99909
113373
117073
101788
3531
111333
113001
5348
144752
145158
6334
144958
114553
116689
118430
Кабель
114402
113623
113220
112033
144968
111301
117112
114018
144789
144122
144796
116912
145289
144211
Навигация
113166
99733
10724
116886
5951
117218
145375
103050
14147
14147
14147
14147
14147
14147
14147
14147
120261
118350
117030
99395
99396
103641
144024
115354
116883
116884
116885
116881
116882
144434
114580
110601
4911
144797
5232
6803
111667
11252
102802
110976
116500
117718
116509
116519
116499
116505
116497
116512
100642
117662
116888
116889
116190
114066
113106
13122
11328
118400
144615
144795
144138
144175
144174
144802
144619
118293
117405
117406
144928
116125
110703
110702
111230
111235
11345
103065
8126
7988
102568
144689
145568
145634
110972
10811
109425
145544
5691
5691
4876
110759
5212
13168
7978
104492
116231
116779
14078
101546
112062
112064
112065
112063
115249
112329
12141
5491
112318
8507
109610
101390
113805
6504
5409
8858
9004
117630
109239
111183
9429
5893
110647
12206
144614
144504
109671
4963
109673
114352
8898
8014
116518
114406
113584
117588
3294
6744
100806
100808
100809
100807
7511
7512
9012
115114
112142
102272
8857
109179
144299
144500
144316
144501
144317
144502
144318
144503
144319
103584
114041
9888
8293
12376
11609
144342
144636
3219
109115
13923
